1110111111000001
0011111110000100
0010101110000000
1011111000100000
0101111111001100
1000111101111111
1011101000000001
0000000000000000
0000000000000000
0111111101001100
0000000000000000
0000000000000000
0101011011000010
0100100011100011
1011101000111111
0101101101010100
1011111000111111
0100111101111001
0011111110000000
1100000000011111
0000000000000000
0000000000000000
0110001001011101
0100010001010001
1011101000111111
0101101101010100
1011111000111111
0100111101111001
0101111111111100
0101111111001100
0011111110000000
0010111110000100
1011110110000010
1000111000101111
0000000000000000
0000000000000000
0111101000000011
0000000000000000
0000000000000000
1100000000000000